{
  "nbformat": 4,
  "nbformat_minor": 0,
  "metadata": {
    "colab": {
      "provenance": [],
      "include_colab_link": true
    },
    "kernelspec": {
      "name": "python3",
      "display_name": "Python 3"
    },
    "language_info": {
      "name": "python"
    }
  },
  "cells": [
    {
      "cell_type": "markdown",
      "metadata": {
        "id": "view-in-github",
        "colab_type": "text"
      },
      "source": [
        "<a href=\"https://colab.research.google.com/github/Bhuvanchandram/ML_Manual/blob/main/Labprograms.ipynb\" target=\"_parent\"><img src=\"https://colab.research.google.com/assets/colab-badge.svg\" alt=\"Open In Colab\"/></a>"
      ]
    },
    {
      "cell_type": "code",
      "execution_count": null,
      "metadata": {
        "colab": {
          "base_uri": "https://localhost:8080/",
          "height": 542
        },
        "id": "5GyusK1QCQ8Z",
        "outputId": "1e5717f9-d8f3-4d84-fa59-793fcb718ac7"
      },
      "outputs": [
        {
          "output_type": "display_data",
          "data": {
            "text/html": [
              "<html>\n",
              "<head><meta charset=\"utf-8\" /></head>\n",
              "<body>\n",
              "    <div>            <script src=\"https://cdnjs.cloudflare.com/ajax/libs/mathjax/2.7.5/MathJax.js?config=TeX-AMS-MML_SVG\"></script><script type=\"text/javascript\">if (window.MathJax && window.MathJax.Hub && window.MathJax.Hub.Config) {window.MathJax.Hub.Config({SVG: {font: \"STIX-Web\"}});}</script>                <script type=\"text/javascript\">window.PlotlyConfig = {MathJaxConfig: 'local'};</script>\n",
              "        <script src=\"https://cdn.plot.ly/plotly-2.18.2.min.js\"></script>                <div id=\"10427c1a-74f6-4b27-ad73-6396731d00be\" class=\"plotly-graph-div\" style=\"height:525px; width:100%;\"></div>            <script type=\"text/javascript\">                                    window.PLOTLYENV=window.PLOTLYENV || {};                                    if (document.getElementById(\"10427c1a-74f6-4b27-ad73-6396731d00be\")) {                    Plotly.newPlot(                        \"10427c1a-74f6-4b27-ad73-6396731d00be\",                        [{\"z\":[[1.522997974471263e-08,2.1828776144935362e-08,3.105768202185422e-08,4.3865014959524124e-08,6.150028310756376e-08,8.559443681644144e-08,1.1825610025314931e-07,1.6218517660182617e-07,2.2080472039554847e-07,2.984112141385298e-07,4.0034233360024634e-07,5.331599071054891e-07,7.048440556945333e-07,9.249924541743419e-07,1.2050163204165028e-06,1.5583222028922476e-06,2.0004660193784067e-06,2.549263274664172e-06,3.2248371691619426e-06,4.049584660458092e-06,5.048039740932394e-06,6.246613541753233e-06,7.673192648360107e-06,9.356580453977721e-06,1.1325771649829305e-05,1.360905710932552e-05,1.6232965385171265e-05,1.9221057555599956e-05,2.2592603802723596e-05,2.6361182276901774e-05,3.053325272776843e-05,3.5106768169008694e-05,4.006989652023675e-05,4.5399929762484854e-05,5.1062459761437655e-05,5.701089683229233e-05,6.31863988776982e-05,6.951826539618685e-05,7.592483209496606e-05,8.231487892940396e-05,8.858953822565952e-05,9.464466158256618e-05,0.00010037357623583265,0.00010567013540710389,0.00011043194477711959,0.0001145636304023674,0.00011798000362877849,0.00012060897689750548,0.00012239409129194084,0.00012329653213127,0.00012329653213127,0.00012239409129194084,0.00012060897689750548,0.00011798000362877849,0.0001145636304023674,0.00011043194477711959,0.00010567013540710389,0.00010037357623583265,9.464466158256618e-05,8.858953822565952e-05,8.231487892940396e-05,7.592483209496593e-05,6.951826539618685e-05,6.31863988776982e-05,5.701089683229233e-05,5.1062459761437655e-05,4.5399929762484854e-05,4.006989652023675e-05,3.5106768169008694e-05,3.053325272776843e-05,2.636118227690182e-05,2.2592603802723596e-05,1.9221057555599956e-05,1.6232965385171234e-05,1.360905710932552e-05,1.1325771649829305e-05,9.356580453977704e-06,7.673192648360093e-06,6.246613541753233e-06,5.0480397409323854e-06,4.0495846604580856e-06,3.2248371691619426e-06,2.549263274664172e-06,2.0004660193784067e-06,1.5583222028922476e-06,1.2050163204165028e-06,9.249924541743419e-07,7.048440556945333e-07,5.331599071054872e-07,4.0034233360024565e-07,2.9841121413852927e-07,2.2080472039554807e-07,1.6218517660182588e-07,1.182561002531491e-07,8.559443681644144e-08,6.150028310756376e-08,4.3865014959524124e-08,3.105768202185422e-08,2.1828776144935362e-08,1.522997974471263e-08],[2.1828776144935362e-08,3.128667772201898e-08,4.451425410930077e-08,6.28707068686755e-08,8.814692700239635e-08,1.2268051775752216e-07,1.6949372116500754e-07,2.3245624573448044e-07,3.1647427600373507e-07,4.277058605301035e-07,5.738013659889948e-07,7.641657084738214e-07,1.0102366100772948e-06,1.3257701951268824e-06,1.7271218970923108e-06,2.2335070104362327e-06,2.8672214707128045e-06,3.653799827046269e-06,4.622084195085151e-06,5.804175613811487e-06,7.2352380845290435e-06,8.953126067957635e-06,1.0997808759146005e-05,1.3410569392442193e-05,1.623296538517129e-05,1.950554538893865e-05,2.3266332162024466e-05,2.754909525048924e-05,3.238145415866902e-05,3.778287013402624e-05,4.376260178563817e-05,5.031771521557558e-05,5.743125177790433e-05,6.507066459659114e-05,7.31866372920922e-05,8.171239395155201e-05,9.056359756385839e-05,9.963891474277237e-05,0.00010882129795466075,0.00011798000362877849,0.00012697332702510484,0.00013565199465982527,0.00014386311493810465,0.00015145455014853052,0.00015827954089213378,0.0001642013899114073,0.00016909799828757855,0.00017286604459729106,0.00017542460758702578,0.00017671805507651458,0.00017671805507651458,0.00017542460758702578,0.00017286604459729106,0.00016909799828757855,0.0001642013899114073,0.00015827954089213378,0.00015145455014853052,0.00014386311493810465,0.00013565199465982527,0.00012697332702510484,0.00011798000362877849,0.00010882129795466056,9.963891474277237e-05,9.056359756385839e-05,8.171239395155201e-05,7.31866372920922e-05,6.507066459659114e-05,5.743125177790433e-05,5.031771521557558e-05,4.376260178563817e-05,3.7782870134026306e-05,3.238145415866902e-05,2.7549095250489286e-05,2.3266332162024425e-05,1.9505545388938615e-05,1.6232965385171265e-05,1.3410569392442169e-05,1.0997808759145986e-05,8.953126067957635e-06,7.2352380845290435e-06,5.804175613811477e-06,4.622084195085151e-06,3.653799827046269e-06,2.8672214707128045e-06,2.2335070104362327e-06,1.7271218970923108e-06,1.3257701951268824e-06,1.0102366100772948e-06,7.641657084738172e-07,5.738013659889938e-07,4.2770586053010194e-07,3.1647427600373454e-07,2.3245624573448002e-07,1.6949372116500722e-07,1.2268051775752174e-07,8.814692700239635e-08,6.28707068686755e-08,4.451425410930077e-08,3.128667772201898e-08,2.1828776144935362e-08],[3.105768202185422e-08,4.451425410930077e-08,6.333426759188426e-08,8.945157572975383e-08,1.254142335725587e-07,1.7454815082125313e-07,2.411533318080671e-07,3.307355444977863e-07,4.502752406712915e-07,6.085340069928492e-07,8.163966797894218e-07,1.0872444441321255e-06,1.4373507334673067e-06,1.8862875720064418e-06,2.4573252452048292e-06,3.177803009345764e-06,4.079443214423745e-06,5.198576065210951e-06,6.576237726570788e-06,8.258101114596005e-06,1.0294197085980426e-05,1.2738384446015632e-05,1.5647530814867428e-05,1.908037340971655e-05,2.3096039551506768e-05,2.7752221303211045e-05,3.310301692157164e-05,3.9196473251570035e-05,4.607188694353471e-05,5.375694719228942e-05,6.226482701929805e-05,7.159135211499906e-05,8.171239395155201e-05,9.258164528204862e-05,0.00010412893944097497,0.00011625926857931487,0.0001288526391593455,0.0001417648754349267,0.0001548294437874593,0.0001678603240653945,0.00018065590071652114,0.0001930037894842129,0.00020468645831332025,0.0002154874477636435,0.00022519795058384437,0.00023362347579885729,0.00024059030274888577,0.00024595142713596343,0.00024959171531522086,0.0002514320145868697,0.0002514320145868697,0.00024959171531522086,0.00024595142713596343,0.00024059030274888577,0.00023362347579885729,0.00022519795058384437,0.0002154874477636435,0.00020468645831332025,0.0001930037894842129,0.00018065590071652114,0.0001678603240653945,0.00015482944378745903,0.0001417648754349267,0.0001288526391593455,0.00011625926857931487,0.00010412893944097497,9.258164528204862e-05,8.171239395155201e-05,7.159135211499906e-05,6.226482701929805e-05,5.375694719228952e-05,4.607188694353471e-05,3.9196473251570035e-05,3.310301692157158e-05,2.7752221303211045e-05,2.3096039551506768e-05,1.9080373409716515e-05,1.56475308148674e-05,1.2738384446015632e-05,1.0294197085980408e-05,8.25810111459599e-06,6.576237726570788e-06,5.198576065210951e-06,4.079443214423745e-06,3.177803009345764e-06,2.4573252452048292e-06,1.8862875720064418e-06,1.4373507334673067e-06,1.0872444441321217e-06,8.163966797894204e-07,6.085340069928481e-07,4.502752406712907e-07,3.3073554449778574e-07,2.4115333180806665e-07,1.745481508212528e-07,1.254142335725587e-07,8.945157572975383e-08,6.333426759188426e-08,4.451425410930077e-08,3.105768202185422e-08],[4.3865014959524124e-08,6.28707068686755e-08,8.945157572975383e-08,1.2633894264155359e-07,1.7713161039920678e-07,2.4652700229025093e-07,3.405983260391557e-07,4.671217767260656e-07,6.359563522497009e-07,8.594766763771132e-07,1.1530561922383542e-06,1.5355941171963822e-06,2.0300746005854747e-06,2.664140630514671e-06,3.470658517447548e-06,4.488241474211934e-06,5.761693274511251e-06,7.342325699266328e-06,9.28809709785907e-06,1.1663514639441504e-05,1.4539240528481051e-05,1.7991343458647632e-05,2.210014169089605e-05,2.69485940535286e-05,3.262021034666128e-05,3.9196473251570035e-05,4.675378965656065e-05,5.536001960258508e-05,6.507066459659102e-05,7.592483209496593e-05,8.794112731052501e-05,0.00010111365456337768,0.00011540833538514536,0.00013075976669529833,0.000147068847027401,0.000164201389911407,0.00018198791977848313,0.00020022480677445203,0.00021867684340166397,0.0002370812999198675,0.00025515342007430963,0.0002725932381886237,0.0002890935179775455,0.0003043485380876325,0.0003180633849062999,0.00032996336473539094,0.0003398031192981553,0.00034737502377169466,0.0003525164665660325,0.0003551156545873427,0.0003551156545873427,0.0003525164665660325,0.00034737502377169466,0.0003398031192981553,0.00032996336473539094,0.0003180633849062999,0.0003043485380876325,0.0002890935179775455,0.0002725932381886237,0.00025515342007430963,0.00023708129991986706,0.00021867684340166397,0.00020022480677445167,0.00018198791977848313,0.000164201389911407,0.000147068847027401,0.00013075976669529833,0.00011540833538514536,0.00010111365456337768,8.794112731052501e-05,7.592483209496593e-05,6.507066459659114e-05,5.536001960258508e-05,4.675378965656065e-05,3.919647325156997e-05,3.262021034666123e-05,2.694859405352855e-05,2.210014169089605e-05,1.79913434586476e-05,1.4539240528481026e-05,1.1663514639441504e-05,9.28809709785907e-06,7.342325699266328e-06,5.761693274511251e-06,4.488241474211934e-06,3.470658517447548e-06,2.664140630514671e-06,2.0300746005854747e-06,1.535594117196374e-06,1.15305619223835e-06,8.594766763771102e-07,6.359563522496986e-07,4.671217767260656e-07,3.405983260391557e-07,2.465270022902501e-07,1.7713161039920678e-07,1.2633894264155359e-07,8.945157572975383e-08,6.28707068686755e-08,4.3865014959524124e-08],[6.150028310756376e-08,8.814692700239635e-08,1.254142335725587e-07,1.7713161039920678e-07,2.4834470470150006e-07,3.456394680019946e-07,4.775307496577593e-07,6.549210467811244e-07,8.916330187850106e-07,1.2050163204164986e-06,1.6166250559135236e-06,2.1529565881381723e-06,2.8462354972564124e-06,3.735218218122162e-06,4.8659844659726364e-06,6.292671313889775e-06,8.078095217529414e-06,1.0294197085980408e-05,1.3022236549467966e-05,1.6352654912274736e-05,2.0384523053181015e-05,2.5224491937668967e-05,3.098517057298469e-05,3.778287013402624e-05,4.573467427741904e-05,5.4954824568370766e-05,6.555044613305565e-05,7.761668111913024e-05,9.123134457791345e-05,0.00010644926652922096,0.00012329653213126977,0.0001417648754349267,0.00016180651723721897,0.00018332976013481968,0.00020619566041033154,0.00023021608394583227,0.0002551534200743092,0.0002807221726277428,0.00030659257247900914,0.00033239626335554917,0.0003577340070421216,0.00038218524118314296,0.00040531920977540463,0.0004267072808030254,0.00044593597508030334,0.0004626201624478149,0.0004764158420315863,0.00048703191657791423,0.0004942403989578903,0.0004978845513492179,0.0004978845513492179,0.0004942403989578903,0.00048703191657791423,0.0004764158420315863,0.00046262016244781454,0.00044593597508030296,0.0004267072808030254,0.00040531920977540463,0.00038218524118314296,0.0003577340070421216,0.00033239626335554857,0.00030659257247900914,0.00028072217262774225,0.0002551534200743092,0.00023021608394583227,0.00020619566041033154,0.00018332976013481968,0.00016180651723721897,0.0001417648754349267,0.00012329653213126977,0.00010644926652922096,9.123134457791361e-05,7.761668111913024e-05,6.555044613305565e-05,5.495482456837067e-05,4.573467427741896e-05,3.778287013402617e-05,3.098517057298469e-05,2.522449193766892e-05,2.0384523053180978e-05,1.6352654912274736e-05,1.3022236549467966e-05,1.0294197085980408e-05,8.078095217529414e-06,6.292671313889775e-06,4.8659844659726364e-06,3.735218218122162e-06,2.8462354972564124e-06,2.152956588138161e-06,1.6166250559135179e-06,1.2050163204164942e-06,8.916330187850076e-07,6.549210467811244e-07,4.775307496577593e-07,3.456394680019934e-07,2.4834470470150006e-07,1.7713161039920678e-07,1.254142335725587e-07,8.814692700239635e-08,6.150028310756376e-08],[8.559443681644144e-08,1.2268051775752216e-07,1.7454815082125313e-07,2.4652700229025093e-07,3.456394680019946e-07,4.810516978177398e-07,6.646144296279208e-07,9.115014651301737e-07,1.2409508092241658e-06,1.6771092438757516e-06,2.24997519055726e-06,2.9964269648909937e-06,3.961313869214763e-06,5.19857606521097e-06,6.772346058863211e-06,8.757970369686486e-06,1.1242875247983727e-05,1.4327186112474655e-05,1.81239979268503e-05,2.275918446134158e-05,2.8370629895429064e-05,3.510676816900876e-05,4.312432546395581e-05,5.258518053932307e-05,6.365228727341631e-05,7.64846439982897e-05,9.123134457791378e-05,0.00010802480528965589,0.00012697332702510484,0.000148153220728367,0.0001716007910197471,0.0001973045335739793,0.00022519795058384477,0.00025515342007430963,0.0002869775639235381,0.000320408542135746,0.0003551156545873433,0.0003907015554047806,0.0004267072808030265,0.00046262016244781574,0.0004978845513492192,0.0005319151201533858,0.0005641123542623838,0.0005938796951866095,0.0006206416737371882,0.0006438622761361146,0.0006630627312365848,0.0006778378977249249,0.0006878704692585576,0.0006929423023599342,0.0006929423023599342,0.0006878704692585576,0.0006778378977249249,0.0006630627312365848,0.000643862276136114,0.0006206416737371877,0.0005938796951866095,0.0005641123542623838,0.0005319151201533858,0.0004978845513492192,0.00046262016244781574,0.00042670728080302614,0.00039070155540478024,0.0003551156545873433,0.000320408542135746,0.0002869775639235381,0.00025515342007430963,0.00022519795058384477,0.0001973045335739793,0.0001716007910197471,0.000148153220728367,0.00012697332702510505,0.00010802480528965589,9.123134457791361e-05,7.648464399828956e-05,6.365228727341619e-05,5.258518053932307e-05,4.3124325463955736e-05,3.5106768169008694e-05,2.8370629895429064e-05,2.275918446134158e-05,1.81239979268503e-05,1.4327186112474655e-05,1.1242875247983727e-05,8.757970369686486e-06,6.772346058863211e-06,5.19857606521097e-06,3.961313869214763e-06,2.9964269648909827e-06,2.24997519055726e-06,1.6771092438757486e-06,1.2409508092241658e-06,9.115014651301705e-07,6.646144296279184e-07,4.81051697817739e-07,3.456394680019946e-07,2.4652700229025093e-07,1.7454815082125313e-07,1.2268051775752216e-07,8.559443681644144e-08],[1.1825610025314931e-07,1.6949372116500754e-07,2.411533318080671e-07,3.405983260391557e-07,4.775307496577593e-07,6.646144296279208e-07,9.182221829242998e-07,1.2593179259124598e-06,1.7144806223744109e-06,2.3170711351787098e-06,3.1085348720996465e-06,4.139822408333489e-06,5.4728969250262024e-06,7.18228140994232e-06,9.356580453977721e-06,1.2099891775359106e-05,1.5533002282735126e-05,1.9794243881710844e-05,2.5039867023388e-05,3.144377718276367e-05,3.9196473251570035e-05,4.850302952587339e-05,5.95799767495569e-05,7.265096439648118e-05,8.794112731052516e-05,0.00010567013540710389,0.0001260439747243365,0.00014924558977537014,0.00017542460758702578,0.00020468645831332063,0.0002370812999198675,0.0002725932381886237,0.00031113040066093966,0.00035251646656603275,0.00039648426734233366,0.0004426720484419614,0.000490622919108652,0.0005397879117318309,0.0005895329282393109,0.0006391496730900686,0.0006878704692585571,0.000734886636498578,0.0007793698936620437,0.000820496043719599,0.000857470026330604,0.0008895512922090714,0.0009160783777033844,0.0009364915451297805,0.0009503524083961918,0.0009573595834651725,0.0009573595834651725,0.0009503524083961918,0.0009364915451297805,0.0009160783777033844,0.0008895512922090707,0.0008574700263306032,0.000820496043719599,0.0007793698936620437,0.000734886636498578,0.0006878704692585571,0.0006391496730900686,0.0005895329282393103,0.0005397879117318309,0.000490622919108652,0.0004426720484419614,0.00039648426734233366,0.00035251646656603275,0.00031113040066093966,0.0002725932381886237,0.0002370812999198675,0.00020468645831332098,0.00017542460758702578,0.0001492455897753704,0.0001260439747243363,0.0001056701354071037,8.794112731052501e-05,7.265096439648105e-05,5.95799767495568e-05,4.850302952587339e-05,3.9196473251570035e-05,3.144377718276361e-05,2.5039867023388e-05,1.9794243881710844e-05,1.5533002282735126e-05,1.2099891775359106e-05,9.356580453977721e-06,7.18228140994232e-06,5.4728969250262024e-06,4.139822408333467e-06,3.108534872099641e-06,2.3170711351787017e-06,1.714480622374408e-06,1.2593179259124576e-06,9.182221829242982e-07,6.646144296279184e-07,4.775307496577593e-07,3.405983260391557e-07,2.411533318080671e-07,1.6949372116500754e-07,1.1825610025314931e-07],[1.6218517660182617e-07,2.3245624573448044e-07,3.307355444977863e-07,4.671217767260656e-07,6.549210467811244e-07,9.115014651301737e-07,1.2593179259124598e-06,1.7271218970923108e-06,2.351365738638058e-06,3.1778030093457695e-06,4.26327501181902e-06,5.677659139431021e-06,7.5059362891964424e-06,9.850312807389289e-06,1.2832307594019098e-05,1.659468797168744e-05,2.130311005511849e-05,2.7147292467640756e-05,3.4341528653328594e-05,4.312432546395581e-05,5.375694719228952e-05,6.65206479203839e-05,8.171239395155216e-05,9.963891474277237e-05,0.0001206089768975057,0.00014492385201146204,0.00017286604459729106,0.00020468645831332063,0.0002405903027488862,0.0002807221726277428,0.0003251508582997622,0.00037385456125683676,0.00042670728080302614,0.0004834671975709869,0.0005437678968028506,0.0006071132415119505,0.0006728766178675092,0.0007403051310194588,0.0008085291318959931,0.0008765772115198059,0.0009433965207465825,0.0010078779755775837,0.001068885609885134,0.0011252890588045496,0.0011759979176845718,0.0012199965423726105,0.0012563777526139173,0.00128437388268218,0.0013033836974139727,0.0013129938564130413,0.0013129938564130413,0.0013033836974139727,0.00128437388268218,0.0012563777526139173,0.0012199965423726094,0.0011759979176845707,0.0011252890588045496,0.001068885609885134,0.0010078779755775837,0.0009433965207465825,0.0008765772115198059,0.0008085291318959924,0.0007403051310194588,0.0006728766178675092,0.0006071132415119505,0.0005437678968028506,0.0004834671975709869,0.00042670728080302614,0.00037385456125683676,0.0003251508582997622,0.0002807221726277433,0.0002405903027488862,0.00020468645831332098,0.00017286604459729074,0.00014492385201146177,0.00012060897689750548,9.96389147427722e-05,8.171239395155201e-05,6.65206479203839e-05,5.375694719228952e-05,4.3124325463955736e-05,3.4341528653328594e-05,2.7147292467640756e-05,2.130311005511849e-05,1.659468797168744e-05,1.2832307594019098e-05,9.850312807389289e-06,7.5059362891964424e-06,5.677659139430991e-06,4.263275011819013e-06,3.1778030093457585e-06,2.351365738638054e-06,1.7271218970923078e-06,1.2593179259124576e-06,9.115014651301705e-07,6.549210467811244e-07,4.671217767260656e-07,3.307355444977863e-07,2.3245624573448044e-07,1.6218517660182617e-07],[2.2080472039554847e-07,3.1647427600373507e-07,4.502752406712915e-07,6.359563522497009e-07,8.916330187850106e-07,1.2409508092241658e-06,1.7144806223744109e-06,2.351365738638058e-06,3.201233709183523e-06,4.326375071091566e-06,5.804175613811477e-06,7.729768928643143e-06,1.0218851058822102e-05,1.3410569392442193e-05,1.7470364121397524e-05,2.2592603802723596e-05,2.9002818616550924e-05,3.695929830584839e-05,4.675378965656073e-05,5.8711004456915184e-05,7.31866372920922e-05,9.056359756385839e-05,0.00011124618585592874,0.00013565199465982527,0.000164201389911407,0.00019730453357397895,0.00023534603743039905,0.0002786674907262704,0.00032754827316166705,0.00038218524118314366,0.0004426720484419614,0.0005089790176668143,0.0005809346069879735,0.0006582095948396258,0.0007403051310194581,0.0008265457568270261,0.0009160783777033835,0.0010078779755775837,0.0011007605789907936,0.0011934036768965785,0.001284373882682179,0.0013721612495857034,0.0014552192325501022,0.001532008912278798,0.0016010457727439764,0.0016609470795439325,0.001710477764920348,0.0017485927012012177,0.0017744733452561897,0.0017875569606346509,0.0017875569606346509,0.0017744733452561897,0.0017485927012012177,0.001710477764920348,0.001660947079543931,0.0016010457727439749,0.001532008912278798,0.0014552192325501022,0.0013721612495857034,0.001284373882682179,0.0011934036768965785,0.0011007605789907925,0.0010078779755775837,0.0009160783777033835,0.0008265457568270261,0.0007403051310194581,0.0006582095948396258,0.0005809346069879735,0.0005089790176668143,0.0004426720484419614,0.000382185241183144,0.00032754827316166705,0.0002786674907262704,0.00023534603743039862,0.00019730453357397895,0.000164201389911407,0.00013565199465982505,0.00011124618585592855,9.056359756385839e-05,7.318663729209208e-05,5.871100445691508e-05,4.675378965656073e-05,3.695929830584839e-05,2.9002818616550924e-05,2.2592603802723596e-05,1.7470364121397524e-05,1.3410569392442193e-05,1.0218851058822102e-05,7.729768928643116e-06,5.804175613811467e-06,4.326375071091558e-06,3.201233709183517e-06,2.351365738638054e-06,1.714480622374408e-06,1.2409508092241635e-06,8.916330187850106e-07,6.359563522497009e-07,4.502752406712915e-07,3.1647427600373507e-07,2.2080472039554847e-07],[2.984112141385298e-07,4.277058605301035e-07,6.085340069928492e-07,8.594766763771132e-07,1.2050163204164986e-06,1.6771092438757516e-06,2.3170711351787098e-06,3.1778030093457695e-06,4.326375071091566e-06,5.846971185535998e-06,7.844176016201e-06,1.0446559869166576e-05,1.3810482611518401e-05,1.8123997926850332e-05,2.3610693465109222e-05,3.053325272776843e-05,3.9196473251570035e-05,4.99494261780224e-05,6.31863988776981e-05,7.934622997142188e-05,9.890963043691224e-05,0.00012239409129194084,0.00015034601312000534,0.00018332976013481968,0.00022191344478016443,0.0002666513891250782,0.00031806338490630046,0.0003766110801417466,0.0004426720484419614,0.0005165123356193798,0.0005982585118837842,0.0006878704692585571,0.0007851163738520599,0.0008895512922090707,0.0010005010426622828,0.0011170527622505289,0.001238053518270857,0.0013621180283501495,0.0014876461891939533,0.0016128506652490645,0.0017357942758307716,0.0018544363714199266,0.001966686840956552,0.002070465879376108,0.0021637672060634224,0.0022447220953367947,0.002311661388726048,0.0023631726263119647,0.0023981495706512715,0.002415831699653831,0.002415831699653831,0.0023981495706512715,0.0023631726263119647,0.002311661388726048,0.0022447220953367925,0.0021637672060634207,0.002070465879376108,0.001966686840956552,0.0018544363714199266,0.0017357942758307716,0.0016128506652490645,0.001487646189193952,0.0013621180283501482,0.001238053518270857,0.0011170527622505289,0.0010005010426622828,0.0008895512922090707,0.0007851163738520599,0.0006878704692585571,0.0005982585118837842,0.0005165123356193798,0.0004426720484419618,0.0003766110801417469,0.0003180633849062999,0.0002666513891250777,0.00022191344478016402,0.00018332976013481968,0.00015034601312000507,0.00012239409129194062,9.890963043691224e-05,7.934622997142188e-05,6.31863988776981e-05,4.99494261780224e-05,3.9196473251570035e-05,3.053325272776843e-05,2.3610693465109222e-05,1.8123997926850332e-05,1.3810482611518401e-05,1.0446559869166539e-05,7.844176016201e-06,5.846971185535988e-06,4.326375071091566e-06,3.1778030093457585e-06,2.3170711351787017e-06,1.6771092438757486e-06,1.2050163204164986e-06,8.594766763771132e-07,6.085340069928492e-07,4.277058605301035e-07,2.984112141385298e-07],[4.0034233360024634e-07,5.738013659889948e-07,8.163966797894218e-07,1.1530561922383542e-06,1.6166250559135236e-06,2.24997519055726e-06,3.1085348720996465e-06,4.26327501181902e-06,5.804175613811477e-06,7.844176016201e-06,1.0523584847716759e-05,1.401488938071661e-05,1.852785878976465e-05,2.431478202033304e-05,3.1675619654675225e-05,4.09627824635515e-05,5.258518053932307e-05,6.701112052987288e-05,8.47695702439337e-05,0.00010644926652922115,0.0001326951213243252,0.000164201389911407,0.0002017011120500806,0.00024595142713596386,0.0002977145031128688,0.0003577340070421219,0.00042670728080302576,0.0005052536618602524,0.000593879695186609,0.0006929423023599335,0.0008026112873646201,0.0009228328421660024,0.0010532959431939577,0.0011934036768965785,0.001342251575046224,0.0014986149595114567,0.001660947079543931,0.0018273894688673362,0.0019957954618855015,0.0021637672060634207,0.0023287058197264832,0.002487873609544651,0.0026384665256042814,0.0027776943443027684,0.0029028654809231855,0.0030114728916118667,0.0031012772677723567,0.003170383682292722,0.0032173080298224487,0.003241030009602401,0.003241030009602401,0.0032173080298224487,0.003170383682292722,0.0031012772677723567,0.003011472891611864,0.002902865480923183,0.0027776943443027684,0.0026384665256042814,0.002487873609544651,0.0023287058197264832,0.0021637672060634207,0.0019957954618854998,0.0018273894688673362,0.001660947079543931,0.0014986149595114567,0.001342251575046224,0.0011934036768965785,0.0010532959431939577,0.0009228328421660024,0.0008026112873646201,0.0006929423023599342,0.000593879695186609,0.0005052536618602528,0.000426707280803025,0.0003577340070421216,0.0002977145031128688,0.00024595142713596343,0.00020170111205008022,0.000164201389911407,0.00013269512132432497,0.00010644926652922096,8.47695702439337e-05,6.701112052987288e-05,5.258518053932307e-05,4.09627824635515e-05,3.1675619654675225e-05,2.431478202033304e-05,1.852785878976465e-05,1.401488938071656e-05,1.052358484771674e-05,7.844176016200987e-06,5.804175613811467e-06,4.263275011819013e-06,3.108534872099641e-06,2.249975190557256e-06,1.6166250559135236e-06,1.1530561922383542e-06,8.163966797894218e-07,5.738013659889948e-07,4.0034233360024634e-07],[5.331599071054891e-07,7.641657084738214e-07,1.0872444441321255e-06,1.5355941171963822e-06,2.1529565881381723e-06,2.9964269648909937e-06,4.139822408333489e-06,5.677659139431021e-06,7.729768928643143e-06,1.0446559869166576e-05,1.401488938071661e-05,1.8664469113520635e-05,2.4674661263972966e-05,3.2381454158669074e-05,4.218432330331267e-05,5.455259526677254e-05,7.003084015458116e-05,8.924273002918762e-05,0.00011289272306075231,0.00014176487543492722,0.00017671805507651488,0.00021867684340166438,0.00026861747344230556,0.00032754827316166764,0.00039648426734233437,0.0004764158420315876,0.0005682716892521932,0.0006728766178675104,0.0007909052242116764,0.000922832842166004,0.0010688856098851358,0.0012289918679807025,0.00140273740770225,0.0015893272834565336,0.0017875569606346541,0.001995795461885505,0.0022119828864289527,0.002433644203212634,0.002657920568857312,0.002881618619265517,0.0031012772677723624,0.0033132505639024124,0.003513804186136301,0.0036992222262826795,0.0038659201394728145,0.00401055914497845,0.00413015702117808,0.004222190179936808,0.004284682149109662,0.004316274132955334,0.004316274132955334,0.004284682149109662,0.004222190179936808,0.00413015702117808,0.004010559144978446,0.003865920139472811,0.0036992222262826795,0.003513804186136301,0.0033132505639024124,0.0031012772677723624,0.002881618619265517,0.0026579205688573096,0.002433644203212634,0.0022119828864289527,0.001995795461885505,0.0017875569606346541,0.0015893272834565336,0.00140273740770225,0.0012289918679807025,0.0010688856098851358,0.0009228328421660049,0.0007909052242116764,0.000672876617867511,0.0005682716892521922,0.00047641584203158714,0.00039648426734233404,0.00032754827316166705,0.0002686174734423051,0.00021867684340166438,0.00017671805507651458,0.00014176487543492695,0.00011289272306075231,8.924273002918762e-05,7.003084015458116e-05,5.455259526677254e-05,4.218432330331267e-05,3.2381454158669074e-05,2.4674661263972966e-05,1.866446911352057e-05,1.4014889380716585e-05,1.0446559869166557e-05,7.72976892864313e-06,5.677659139431011e-06,4.139822408333482e-06,2.9964269648909882e-06,2.1529565881381723e-06,1.5355941171963822e-06,1.0872444441321255e-06,7.641657084738214e-07,5.331599071054891e-07],[7.048440556945333e-07,1.0102366100772948e-06,1.4373507334673067e-06,2.0300746005854747e-06,2.8462354972564124e-06,3.961313869214763e-06,5.4728969250262024e-06,7.5059362891964424e-06,1.0218851058822102e-05,1.3810482611518401e-05,1.852785878976465e-05,2.4674661263972966e-05,3.26202103466614e-05,4.280868680166356e-05,5.57682022364697e-05,7.21192122364268e-05,9.258164528204896e-05,0.0001179800036287787,0.0001492455897753704,0.00018741493579113813,0.0002336234757988581,0.000289093517977546,0.00035511565458734394,0.0004330229077883973,0.0005241571530196731,0.0006298276930043622,0.0007512622701947643,0.0008895512922090723,0.0010455865838258807,0.0012199965423726116,0.001413080125313885,0.0016247425980433412,0.0018544363714199299,0.002101110517441504,0.002363172626311967,0.002638466525604286,0.0029242690007615386,0.0032173080298224543,0.003513804186136301,0.0038095358024850955,0.00409992727907321,0.004380158623838752,0.00464529301709611,0.004890417981809271,0.005110794704895283,0.00530200927653419,0.005460119162498143,0.005581788147756343,0.005664403311449469,0.005706168308637852,0.005706168308637852,0.005664403311449469,0.005581788147756343,0.005460119162498143,0.005302009276534186,0.005110794704895278,0.004890417981809271,0.00464529301709611,0.004380158623838752,0.00409992727907321,0.0038095358024850955,0.003513804186136298,0.0032173080298224543,0.0029242690007615386,0.002638466525604286,0.002363172626311967,0.002101110517441504,0.0018544363714199299,0.0016247425980433412,0.001413080125313885,0.0012199965423726126,0.0010455865838258807,0.0008895512922090731,0.000751262270194763,0.0006298276930043617,0.0005241571530196727,0.0004330229077883965,0.0003551156545873433,0.000289093517977546,0.0002336234757988577,0.0001874149357911378,0.0001492455897753704,0.0001179800036287787,9.258164528204896e-05,7.21192122364268e-05,5.57682022364697e-05,4.280868680166356e-05,3.26202103466614e-05,2.4674661263972878e-05,1.852785878976462e-05,1.3810482611518376e-05,1.0218851058822083e-05,7.505936289196429e-06,5.472896925026192e-06,3.961313869214757e-06,2.8462354972564124e-06,2.0300746005854747e-06,1.4373507334673067e-06,1.0102366100772948e-06,7.048440556945333e-07],[9.249924541743419e-07,1.3257701951268824e-06,1.8862875720064418e-06,2.664140630514671e-06,3.735218218122162e-06,5.19857606521097e-06,7.18228140994232e-06,9.850312807389289e-06,1.3410569392442193e-05,1.8123997926850332e-05,2.431478202033304e-05,3.2381454158669074e-05,4.280868680166356e-05,5.617939449830939e-05,7.31866372920922e-05,9.464466158256634e-05,0.00012149825566246155,0.0001548294437874596,0.00019586040805151625,0.0002459514271359643,0.0003065925724790097,0.0003793879234981232,0.00046603117129050765,0.0005682716892521932,0.0006878704692585576,0.0008265457568270268,0.0009859087629692728,0.0011673904692061784,0.0013721612495857058,0.001601045772743978,0.0018544363714199299,0.0021322087219488805,0.0024336442032126316,0.0027573636442243346,0.0031012772677723598,0.0034625554504686823,0.0038376244189432915,0.004222190179936805,0.004611292854586958,0.004999392195672935,0.005380483477397472,0.005748241249115977,0.006096186743050077,0.006417873137164593,0.006707081514937411,0.006958019342198909,0.007165512688089314,0.007325183316452616,0.0074336021963440245,0.007488411919056095,0.007488411919056095,0.0074336021963440245,0.007325183316452616,0.007165512688089314,0.006958019342198903,0.0067070815149374045,0.006417873137164593,0.006096186743050077,0.005748241249115977,0.005380483477397472,0.004999392195672935,0.004611292854586954,0.004222190179936805,0.0038376244189432915,0.0034625554504686823,0.0031012772677723598,0.0027573636442243346,0.0024336442032126316,0.0021322087219488805,0.0018544363714199299,0.0016010457727439792,0.0013721612495857058,0.0011673904692061793,0.000985908762969271,0.0008265457568270261,0.0006878704692585571,0.0005682716892521922,0.00046603117129050684,0.0003793879234981232,0.0003065925724790097,0.00024595142713596386,0.00019586040805151625,0.0001548294437874596,0.00012149825566246155,9.464466158256634e-05,7.31866372920922e-05,5.617939449830939e-05,4.280868680166356e-05,3.2381454158668904e-05,2.4314782020332996e-05,1.8123997926850268e-05,1.3410569392442169e-05,9.850312807389272e-06,7.182281409942308e-06,5.198576065210951e-06,3.735218218122162e-06,2.664140630514671e-06,1.8862875720064418e-06,1.3257701951268824e-06,9.249924541743419e-07],[1.2050163204165028e-06,1.7271218970923108e-06,2.4573252452048292e-06,3.470658517447548e-06,4.8659844659726364e-06,6.772346058863211e-06,9.356580453977721e-06,1.2832307594019098e-05,1.7470364121397524e-05,2.3610693465109222e-05,3.1675619654675225e-05,4.218432330331267e-05,5.57682022364697e-05,7.31866372920922e-05,9.534249925540684e-05,0.00012329653213127,0.00015827954089213378,0.0002017011120500806,0.00025515342007430963,0.000320408542135746,0.000399407640449846,0.0004942403989578916,0.000607113241511951,0.0007403051310194594,0.0008961101661407606,0.0010767667585316882,0.00128437388268218,0.001520795722542169,0.0017875569606346541,0.0020857319183348842,0.0024158316996538355,0.0027776943443027736,0.0031703836822927246,0.0035921030248612052,0.004040129954506663,0.004510778233197842,0.004999392195672935,0.005500377923912436,0.006007274030097074,0.00651286306257079,0.007009322479049399,0.007488411919056095,0.007941691291135108,0.008360762120539805,0.008737522832094474,0.00906442731212061,0.009334735320631822,0.009542743193777856,0.009683983826737443,0.009755386150169909,0.009755386150169909,0.009683983826737443,0.009542743193777856,0.009334735320631822,0.009064427312120602,0.008737522832094467,0.008360762120539805,0.007941691291135108,0.007488411919056095,0.007009322479049399,0.00651286306257079,0.006007274030097069,0.005500377923912431,0.004999392195672935,0.004510778233197842,0.004040129954506663,0.0035921030248612052,0.0031703836822927246,0.0027776943443027736,0.0024158316996538355,0.0020857319183348842,0.0017875569606346556,0.0015207957225421703,0.001284373882682179,0.0010767667585316863,0.000896110166140759,0.0007403051310194588,0.0006071132415119505,0.0004942403989578908,0.0003994076404498456,0.000320408542135746,0.00025515342007430963,0.0002017011120500806,0.00015827954089213378,0.00012329653213127,9.534249925540684e-05,7.31866372920922e-05,5.57682022364697e-05,4.218432330331245e-05,3.1675619654675117e-05,2.3610693465109137e-05,1.7470364121397463e-05,1.2832307594019098e-05,9.356580453977721e-06,6.772346058863186e-06,4.8659844659726364e-06,3.470658517447548e-06,2.4573252452048292e-06,1.7271218970923108e-06,1.2050163204165028e-06],[1.5583222028922476e-06,2.2335070104362327e-06,3.177803009345764e-06,4.488241474211934e-06,6.292671313889775e-06,8.757970369686486e-06,1.2099891775359106e-05,1.659468797168744e-05,2.2592603802723596e-05,3.053325272776843e-05,4.09627824635515e-05,5.455259526677254e-05,7.21192122364268e-05,9.464466158256634e-05,0.00012329653213127,0.00015944657371392767,0.00020468645831332063,0.00026083905747190046,0.00032996336473539153,0.0004143510230914481,0.0005165123356193803,0.0006391496730900686,0.0007851163738520613,0.0009573595834651734,0.0011588460209833065,0.0013924703912526907,0.0016609470795439325,0.0019666868409565536,0.0023116613887260496,0.002697260030883961,0.0031241437250578282,0.0035921030248612052,0.004099927279073206,0.004645293017096106,0.005224679619693193,0.005833320058840095,0.006465193647162052,0.007113066352635382,0.00776858233482069,0.008422408014600927,0.009064427312120602,0.009683983826737434,0.010270162866519765,0.01081210355809487,0.011299328977407196,0.011722080520949441,0.012071641737794216,0.012340636673056026,0.012523288484954643,0.012615625679113512,0.012615625679113512,0.012523288484954643,0.012340636673056026,0.012071641737794216,0.01172208052094943,0.011299328977407186,0.01081210355809487,0.010270162866519765,0.009683983826737434,0.009064427312120602,0.008422408014600927,0.007768582334820683,0.007113066352635382,0.006465193647162052,0.005833320058840095,0.005224679619693193,0.004645293017096106,0.004099927279073206,0.0035921030248612052,0.0031241437250578282,0.0026972600308839633,0.0023116613887260496,0.0019666868409565553,0.0016609470795439297,0.0013924703912526894,0.0011588460209833054,0.0009573595834651717,0.0007851163738520599,0.0006391496730900686,0.0005165123356193798,0.0004143510230914474,0.00032996336473539153,0.00026083905747190046,0.00020468645831332063,0.00015944657371392767,0.00012329653213127,9.464466158256634e-05,7.21192122364268e-05,5.455259526677226e-05,4.096278246355143e-05,3.053325272776832e-05,2.2592603802723555e-05,1.6594687971687408e-05,1.2099891775359084e-05,8.757970369686455e-06,6.292671313889775e-06,4.488241474211934e-06,3.177803009345764e-06,2.2335070104362327e-06,1.5583222028922476e-06],[2.0004660193784067e-06,2.8672214707128045e-06,4.079443214423745e-06,5.761693274511251e-06,8.078095217529414e-06,1.1242875247983727e-05,1.5533002282735126e-05,2.130311005511849e-05,2.9002818616550924e-05,3.9196473251570035e-05,5.258518053932307e-05,7.003084015458116e-05,9.258164528204896e-05,0.00012149825566246155,0.00015827954089213378,0.00020468645831332063,0.00026276228608097807,0.00033484710031774336,0.00042358409420580853,0.0005319151201533854,0.0006630627312365843,0.000820496043719599,0.0010078779755775837,0.0012289918679807001,0.0014876461891939533,0.0017875569606346526,0.002132208721948877,0.002524696233417069,0.0029675506438095185,0.0034625554504686793,0.004010559144978443,0.004611292854586954,0.005263202429180581,0.005963305158271629,0.006707081514937398,0.007488411919056088,0.008299567429536985,0.009131261497539536,0.009972767474344155,0.010812103558094862,0.011636283426731509,0.012431627131823537,0.013184123148488134,0.013879829040377678,0.014505295258662123,0.015047994384636464,0.01549673684283456,0.01584205389368412,0.016076529628165036,0.016195065717105262,0.016195065717105262,0.016076529628165036,0.01584205389368412,0.01549673684283456,0.01504799438463645,0.01450529525866211,0.013879829040377678,0.013184123148488134,0.012431627131823537,0.011636283426731509,0.010812103558094862,0.009972767474344146,0.009131261497539527,0.008299567429536985,0.007488411919056088,0.006707081514937398,0.005963305158271629,0.005263202429180581,0.004611292854586954,0.004010559144978443,0.0034625554504686793,0.002967550643809521,0.002524696233417071,0.002132208721948875,0.0017875569606346493,0.0014876461891939507,0.001228991867980699,0.0010078779755775828,0.0008204960437195975,0.0006630627312365837,0.0005319151201533854,0.00042358409420580853,0.00033484710031774336,0.00026276228608097807,0.00020468645831332063,0.00015827954089213378,0.00012149825566246155,9.258164528204896e-05,7.003084015458079e-05,5.258518053932288e-05,3.91964732515699e-05,2.900281861655082e-05,2.130311005511849e-05,1.5533002282735126e-05,1.1242875247983687e-05,8.078095217529414e-06,5.761693274511251e-06,4.079443214423745e-06,2.8672214707128045e-06,2.0004660193784067e-06],[2.549263274664172e-06,3.653799827046269e-06,5.198576065210951e-06,7.342325699266328e-06,1.0294197085980408e-05,1.4327186112474655e-05,1.9794243881710844e-05,2.7147292467640756e-05,3.695929830584839e-05,4.994